[cover - Copy.jpg]
filters=enhance=1;bw=1;finetune2=1,0.000000,0.000000,0.171228,00000000,0.000000;finetune2=1,0.000000,0.050526,0.000000,00000000,0.000000;
moddate=2505928aad2ad201
width=800
height=800
textactive=0
